   1.0000000e-01
   2.4520367e-03
   1.8840560e-03
   1.6141447e-03
   1.4306001e-03
   1.3119729e-03
   1.2386049e-03
   1.1779610e-03
   1.1217034e-03
   1.0882890e-03
   1.0484032e-03
   1.0039525e-03
   9.8012260e-04
   9.5602595e-04
   9.4535702e-04
   9.3166609e-04
   9.1306353e-04
   8.9736299e-04
   8.8955731e-04
   8.7333440e-04
   8.6433772e-04
   8.5654594e-04
   8.5168030e-04
   8.4726050e-04
   8.3705164e-04
   8.3151468e-04
   8.2118283e-04
   8.1659031e-04
   8.1726458e-04
   8.1669941e-04
   8.1508994e-04
   8.1370126e-04
   8.1292028e-04
   8.1270504e-04
   8.1412653e-04
   8.1550354e-04
   8.1615202e-04
   8.1645780e-04
   8.1702009e-04
   8.1728297e-04
   8.1740022e-04
   8.1743930e-04
   8.1717291e-04
   8.1703686e-04
   8.1742981e-04
   8.1763759e-04
   8.1771847e-04
   8.1779979e-04
   8.1783269e-04
   8.1786218e-04
   8.1789088e-04
   8.1792995e-04
   8.1768437e-04
   8.1783439e-04
   8.1771270e-04
   8.1766195e-04
   8.1764668e-04
   8.1771305e-04
   8.1809886e-04
   8.1829736e-04
   8.1846837e-04
   8.1881472e-04
   8.1899715e-04
   8.1950774e-04
   8.1977179e-04
   8.1990854e-04
   8.1789095e-04
   8.1718841e-04
   8.1601733e-04
   8.1552829e-04
   8.1568187e-04
   8.1569910e-04
   8.1575850e-04
   8.1574232e-04
   8.1439068e-04
   8.1316986e-04
   8.0974011e-04
   8.0866012e-04
   8.0288467e-04
   7.9801857e-04
   7.9414658e-04
   7.9185836e-04
   7.9071551e-04
   7.9063492e-04
   7.9217410e-04
   7.9297990e-04
   7.9342225e-04
   7.9365601e-04
   7.9377457e-04
   7.9383246e-04
   7.9384883e-04
   7.9385290e-04
   7.9385056e-04
   7.9290752e-04
   7.9365757e-04
   7.9221937e-04
   7.9328224e-04
   7.9221709e-04
   7.9165444e-04
   7.9132840e-04
   7.9115055e-04
   7.9113654e-04
   7.9111775e-04
   7.9110427e-04
   7.9109521e-04
   7.9107609e-04
   7.9106155e-04
   7.9104919e-04
   7.9103873e-04
   7.9154763e-04
   7.9204430e-04
   7.9230596e-04
   7.9244089e-04
   7.9250740e-04
   7.9253637e-04
   7.9379646e-04
   7.9322058e-04
   7.9429441e-04
   7.9472446e-04
   7.9826221e-04
   7.9896403e-04
   7.9934086e-04
   7.9954822e-04
   7.9965455e-04
   8.0025587e-04
   8.0031281e-04
   8.0033493e-04
   8.0096767e-04
   8.0107883e-04
   8.0113167e-04
   8.0123895e-04
   8.0142996e-04
   8.0152453e-04
   8.0140880e-04
   8.0114811e-04
   8.0100151e-04
   8.0091635e-04
   8.0122250e-04
   8.0138317e-04
   8.0205067e-04
   8.0240681e-04
   8.0259355e-04
   8.0222082e-04
   8.0176771e-04
   8.0151364e-04
   8.0136793e-04
   8.0128123e-04
   7.9631494e-04
   7.9266963e-04
   7.9048056e-04
   7.8882745e-04
   7.8670015e-04
   7.8841415e-04
   7.8900605e-04
   7.8932289e-04
   7.8948532e-04
   7.8971896e-04
   7.9060139e-04
   7.8844007e-04
   7.8997938e-04
   7.9079074e-04
   7.9121592e-04
   7.9143578e-04
   7.9154709e-04
   7.9166835e-04
   7.9225850e-04
   7.9024891e-04
   7.9139853e-04
   7.9210111e-04
   7.9246886e-04
   7.9265937e-04
   7.9275603e-04
   7.9283002e-04
   7.9322516e-04
   7.9343096e-04
   7.9353631e-04
   7.9358925e-04
   7.9361359e-04
   7.9362282e-04
   7.9352428e-04
   7.9346500e-04
   7.9310183e-04
   7.9290753e-04
   7.9281297e-04
   7.9276025e-04
   7.9264513e-04
   7.9254791e-04
   7.9249456e-04
   7.9246032e-04
   7.9244012e-04
   7.9242781e-04
   7.9241916e-04
   7.9241304e-04
   7.9230713e-04
   7.9224930e-04
   7.9221679e-04
   7.9463140e-04
   7.9339536e-04
   7.9511322e-04
   7.9374086e-04
   7.9537320e-04
   7.9626440e-04
   7.9673427e-04
   7.9701764e-04
   7.9716656e-04
   7.9724428e-04
   7.9728425e-04
   7.9726797e-04
   7.9725810e-04
   7.9725156e-04
   7.9724673e-04
   7.9731976e-04
   7.9735674e-04
   7.9737455e-04
   7.9738214e-04
   7.9738423e-04
   7.9738266e-04
   7.9737986e-04
   7.9726066e-04
   7.9719569e-04
   7.9707225e-04
   7.9701258e-04
   7.9697945e-04
   7.9696028e-04
   7.9763508e-04
   7.9798647e-04
   7.9816887e-04
   7.9826279e-04
   7.9831036e-04
   7.9833363e-04
   7.9834412e-04
   7.9830606e-04
   7.9829356e-04
   7.9828566e-04
   7.9827988e-04
   7.9827503e-04
   7.9822920e-04
   7.9820286e-04
   7.9815395e-04
   7.9811687e-04
   7.9821284e-04
   7.9827744e-04
   7.9830900e-04
   7.9832312e-04
   7.9834096e-04
   7.9834776e-04
   7.9836618e-04
   7.9837690e-04
   7.9837973e-04
   7.9733340e-04
   7.9985813e-04
   7.9913162e-04
   7.9771368e-04
   8.0003118e-04
   7.9816966e-04
   8.0026003e-04
   7.9828486e-04
   8.0031199e-04
   8.0137440e-04
   7.9885811e-04
   8.0059785e-04
   8.0150876e-04
   7.9894278e-04
   8.0052309e-04
   8.0135071e-04
   8.0188203e-04
   8.0216398e-04
   8.0220242e-04
   8.0221757e-04
   8.0221171e-04
   8.0220421e-04
   8.0219608e-04
   8.0218226e-04
   8.0230842e-04
   8.0237079e-04
   8.0239848e-04
   8.0222513e-04
   8.0212703e-04
   8.0218684e-04
   8.0221298e-04
   8.0222184e-04
   8.0222175e-04
   8.0221711e-04
   8.0217955e-04
   8.0215546e-04
   8.0214888e-04
   8.0214098e-04
   8.0213242e-04
   8.0212353e-04
   8.0211450e-04
   8.0210540e-04
   8.0209628e-04
   8.0208715e-04
   8.0211483e-04
   8.0212474e-04
   8.0212589e-04
   8.0213522e-04
   8.0213656e-04
   8.0213170e-04
   8.0213214e-04
   8.0212801e-04
   8.0211881e-04
   8.0210431e-04
   7.9884148e-04
   7.9375213e-04
   7.9352304e-04
   7.9340067e-04
   7.9357140e-04
   7.9376448e-04
   7.9386227e-04
   7.9377088e-04
   7.9372138e-04
   7.9356172e-04
   7.9463737e-04
   7.9451017e-04
   7.9444205e-04
   7.9482195e-04
   7.9446178e-04
   7.9508900e-04
   7.9514673e-04
   7.9517455e-04
   7.9510147e-04
   7.9506075e-04
   7.9503647e-04
   7.9502790e-04
   7.9526922e-04
   7.9511971e-04
   7.9529859e-04
   7.9512668e-04
   7.9529291e-04
   7.9537379e-04
   7.9515260e-04
   7.9095799e-04
   7.8813892e-04
   7.9059902e-04
   7.9188598e-04
   7.9220390e-04
   7.9236053e-04
   7.9218610e-04
   7.9208304e-04
   7.9202078e-04
   7.9197630e-04
   7.9171138e-04
   7.9156128e-04
   7.9173357e-04
   7.9148860e-04
   7.9169906e-04
   7.9179795e-04
   7.9148779e-04
   7.9166454e-04
   7.9193371e-04
   7.9171314e-04
